1
20220902
1
20220902
1
20220902
1
20220902
2
20220902
2
20220902
2
20220902
2
20220902=======================================================================================================
1
20220903
1
20220903
1
20220903
1
20220903
2
20220903
2
20220903
2
20220903
2
20220903==========================================================================================================
1
20220904
1
20220904
1
20220904
1
20220904
2
20220904
2
20220904
2
20220904
2
20220904===========================================================================================================
1
20220908
1
20220908
1
20220908
1
20220908
2
20220908
2
20220908
2
20220908
2
20220908========================================================================================================
1
20220909
1
20220909
1
20220909
1
20220909
2
20220909
2
20220909
2
20220909
2
20220909==========================================================================================================
1
20220910
1
20220910
1
20220910
1
20220910
2
20220910
2
20220910
2
20220910
2
20220910==========================================================================================================
1
20220911
1
20220911
1
20220911
1
20220911
2
20220911
2
20220911
2
20220911
2
20220911